250 30
23 24 -29
-4 -1 27
27 9 -29
-14 -15 -22
-29 20 -18
21 30 -29
20 12 5
13 -7 9
-6 9 25
19 16 -28
12 23 -6
-18 26 -7
10 23 17
-6 -8 21
25 12 -1
23 -22 10
-3 5 19
-29 -4 -4
5 -8 -28
12 12 -15
24 23 -8
-29 -7 -3
-14 -18 -28
17 -28 17
10 -3 2
-7 21 -22
26 19 -22
24 21 26
20 -18 -3
-7 21 -14
-8 25 16
-4 -14 27
10 26 26
-1 -18 -7
-7 20 -18
17 -6 -4
21 12 19
19 -15 -4
10 -15 -7
-3 27 -18
-14 27 -28
11 -6 -7
-22 -6 13
-22 5 25
-15 25 10
-28 27 21
-8 11 -4
-18 10 20
20 10 -8
-3 19 12
-4 -7 12
11 27 13
9 -22 -4
19 30 21
-6 -22 9
-8 -8 -1
-28 27 -4
25 -14 -18
23 27 -7
-29 -8 -22
9 -3 27
16 12 30
21 12 23
16 -1 -6
26 12 -22
-18 21 16
26 16 20
23 13 -4
-29 -22 -7
2 -18 -22
24 21 -3
24 30 26
-3 -29 13
-29 13 16
26 -1 16
-3 -29 30
-29 -18 -28
-1 5 26
24 -15 -7
-14 20 12
-3 -15 -15
10 -22 25
27 23 2
30 -28 5
23 11 23
-15 -4 24
-7 2 30
-15 25 11
27 23 5
-15 9 12
19 -18 -18
19 10 -6
17 20 2
-15 -18 27
5 13 -18
20 13 27
-18 17 24
-18 10 -1
16 5 30
26 -1 -18
-4 -6 5
13 5 -29
26 5 -7
25 19 -1
25 -7 20
21 10 -4
13 20 25
24 -8 -8
-1 -8 5
26 5 -4
20 10 2
-6 -22 21
19 2 -15
-14 -28 -7
5 -4 27
11 26 27
21 23 24
2 -28 -15
19 11 21
20 25 23
-18 -18 -8
16 -4 -28
24 23 25
19 -29 -22
-1 12 -3
27 27 -15
23 11 24
-15 20 -18
26 -18 24
12 13 11
-3 -29 2
23 -8 20
-15 26 -14
11 -15 21
-18 5 -1
26 -6 19
20 26 19
27 13 11
11 9 19
19 9 -6
-28 26 -29
-29 -7 16
12 26 5
24 5 -15
-22 25 17
25 2 23
9 11 26
27 30 9
10 27 -6
-14 10 26
21 -7 -28
-1 -7 21
-18 -1 -3
-15 24 12
-18 -28 -18
-14 13 17
-7 10 12
-6 9 -22
10 -6 -3
23 11 -8
-15 -18 25
-29 19 9
-18 -29 25
12 -18 2
11 -7 11
5 -7 -15
-18 5 11
-8 23 2
23 5 11
20 2 -3
5 -15 30
2 26 23
-29 27 13
10 25 23
-29 20 -1
9 -28 19
23 20 -3
-22 26 27
26 26 16
30 -29 -28
17 9 5
11 2 -22
25 26 27
9 30 30
-18 26 10
-6 -29 21
-4 2 -4
20 12 -22
23 -7 -6
-3 21 -8
-4 26 20
10 -4 -18
25 26 11
-22 20 20
-4 26 -29
23 11 19
21 17 30
9 24 9
-14 -4 16
10 16 17
-18 25 -15
30 -18 25
-18 -28 -14
-15 30 -22
-15 20 27
9 30 13
-18 10 21
12 11 -29
-4 11 30
-14 -4 21
-6 12 19
19 5 -28
16 -22 27
19 30 30
-6 2 -3
-3 -8 16
23 -22 -18
24 -1 17
21 25 -7
-29 11 2
-14 -1 -18
13 -1 27
-7 24 -29
-4 -7 9
30 -4 -3
27 19 -29
-15 19 -1
26 25 17
-6 11 9
2 12 20
24 23 27
-4 -15 25
9 25 30
-18 20 12
-14 -8 -28
16 -1 -7
10 -1 -8
-6 -29 23
30 -28 17
16 25 12
26 16 -4
21 11 24
11 16 10
-4 -4 -7
17 9 -22
-7 5 12
24 11 26
-1 10 -7
30 11 -4
17 5 -4
