250 30
-12 -12 30
6 -11 8
9 1 2
-3 -23 2
-3 27 7
-13 -22 -10
-14 -12 -24
-23 7 -23
18 -24 9
-19 -23 8
-28 26 29
20 1 -14
-19 -24 -21
-15 8 2
-13 1 5
-15 6 17
26 -25 5
20 18 -3
20 18 -28
9 -16 -21
-23 -23 29
-24 8 30
-11 9 30
-10 17 30
-16 -25 -15
7 -4 8
1 30 1
-10 -25 -12
-28 2 27
-28 1 18
8 -10 -15
-12 -13 -15
1 20 8
-19 -16 -12
-19 -19 -22
29 -19 5
-28 -16 26
-24 -23 1
-4 -22 17
17 -4 -21
1 8 -15
-28 8 1
-23 5 -16
7 29 5
5 20 5
-3 9 9
-4 -12 8
-4 -10 -19
1 -13 -15
9 30 17
1 20 6
-15 27 -4
1 -10 -12
8 17 6
-25 -11 -24
-25 -23 20
-23 -22 29
-22 30 -24
17 27 -3
20 30 -11
27 5 -25
-3 5 -10
-10 -24 7
26 -21 -24
5 -19 -19
2 -14 -4
-3 30 -16
-13 -15 -25
-3 2 -28
-11 -14 -11
-11 -11 29
6 20 8
-12 5 -28
-25 26 30
-15 -3 -21
-19 29 7
-12 29 -22
-19 -25 -13
-23 17 -12
29 30 27
20 26 -10
8 9 9
27 18 -24
26 30 26
2 -13 29
9 -25 -21
-14 5 -14
29 -16 -21
18 30 29
-13 -4 7
7 8 -21
9 -14 -11
7 -4 -13
9 8 30
30 9 -11
26 -11 -16
20 -21 18
2 29 6
20 5 18
27 30 -19
-19 26 17
5 7 -23
-23 -10 -22
-3 -25 18
-25 -16 7
20 2 -13
-22 -13 26
17 26 5
8 1 -19
27 26 27
-23 -12 30
-24 -14 26
20 -11 -21
5 8 29
-21 9 27
6 26 -24
18 -3 -16
18 20 9
2 -19 -22
-15 -14 18
-10 -28 -11
-25 -14 -22
-16 26 -21
-25 -22 18
7 -25 -15
-16 8 -16
20 8 1
-3 -24 -4
6 7 17
6 7 17
5 -12 -24
27 -24 7
-14 -4 26
-25 20 -12
27 17 27
29 -15 -22
-15 -3 -28
6 -12 -15
20 -12 6
26 26 -4
26 -16 20
-22 -12 17
29 1 -11
-23 -28 27
20 7 20
26 17 -19
-12 8 -19
-11 26 -3
-25 -21 9
-16 -4 -25
-15 -16 2
-11 -19 27
-21 -15 9
-11 -25 -15
7 26 -21
-13 -28 7
-14 -4 -24
-16 -28 7
17 -25 -19
18 -12 1
-14 -13 -4
-25 6 2
-3 -13 9
-21 -22 -11
29 -13 1
-14 5 -21
-10 5 17
-10 2 -10
-25 26 18
-16 7 8
8 27 26
29 -28 30
18 -4 -23
9 29 -24
2 1 -28
17 8 18
-24 27 -24
-14 -25 9
-10 8 8
-21 20 -15
2 -12 6
-19 7 17
27 -22 27
17 -22 -14
2 7 -23
-21 27 -4
-16 -10 -10
8 6 -28
-21 6 7
30 1 -24
2 26 1
29 -21 -13
-13 -13 -13
-23 -25 -24
-21 17 -16
27 9 18
6 -15 -11
7 7 -28
1 -23 -15
-10 -23 -24
-13 -28 29
-15 9 2
-10 -3 17
-10 7 -14
9 2 9
-22 -22 -19
2 -24 -28
-24 7 -15
8 6 30
-10 7 -12
29 -28 2
2 7 -22
18 -19 -3
26 27 -15
7 9 27
27 -21 17
6 7 8
1 -21 26
-10 -3 -28
26 18 5
-16 -19 -11
-14 -4 -14
17 -12 -4
27 27 -16
18 7 -15
5 9 -12
-25 -28 -11
18 7 -24
1 17 -12
2 2 6
-14 6 -16
1 -22 -4
29 26 -21
18 20 7
-10 -10 -13
-23 -21 6
2 -10 27
30 -22 -12
7 18 1
17 -21 -28
17 18 -16
-19 -28 6
17 7 -25
-19 -23 -23
5 30 26
-13 -3 -4
27 26 18
5 -28 7
18 -25 -23
17 8 -4
