250 30
-25 -27 -6
3 23 -10
-23 2 -25
-29 -21 15
18 -7 9
17 26 1
-6 2 -9
1 9 -29
-4 25 -4
14 2 11
-20 -30 3
-25 18 12
-7 -1 -3
-20 1 11
18 -30 9
-15 27 -19
-13 -20 -28
-29 20 -1
17 -15 -8
-6 20 9
-25 -5 -4
-15 -14 -21
-25 -27 -10
-20 4 -7
-14 -19 30
-14 -17 -17
-29 -8 7
-25 -22 -7
-17 -17 10
-14 25 24
19 6 -10
10 21 10
-18 -30 30
25 3 -17
-3 -24 -2
-11 -17 10
-29 13 -16
13 1 22
-16 -23 -6
11 -21 -27
-26 -22 13
-14 29 1
20 -14 -23
-19 -18 27
-9 24 -14
-2 28 -13
27 -10 9
-9 -6 19
13 -15 1
13 -6 -28
-13 -23 -29
-17 -7 11
-14 -13 27
28 24 17
-8 -9 -9
-18 -3 -12
-7 -29 12
29 1 30
27 -27 -5
8 -14 -17
-4 17 26
9 3 3
-28 -13 -21
-19 23 12
9 -28 -30
7 -16 -1
-28 -27 -3
-20 -3 -9
-5 24 -8
-21 4 8
-27 -5 -18
27 -13 -26
25 -29 -28
-12 -2 -18
22 -26 19
21 23 6
-22 29 7
4 24 -25
7 -24 30
-5 17 -12
-21 11 -28
2 12 -2
-13 -16 -21
30 25 -5
-19 13 18
-19 27 -5
-12 20 19
8 -17 -12
15 9 -6
7 -22 22
1 -28 -23
-2 23 -16
9 12 7
2 29 24
-29 14 -2
-26 -6 4
17 -2 -7
30 -5 -27
16 14 -4
10 -12 -1
-29 2 5
-4 -19 9
24 -29 15
-2 -25 -7
16 10 10
7 -28 5
8 22 -22
5 5 28
13 13 2
28 22 -7
8 -5 26
16 18 -16
26 25 28
-1 4 -6
26 22 3
9 -21 -11
27 -22 -30
-17 25 30
2 17 28
-20 4 -21
-4 20 6
-2 28 -28
22 -10 -27
-25 -8 1
15 -19 6
20 3 -3
-23 2 -30
-12 25 -13
17 19 -23
-7 -16 -27
-27 13 1
-12 -28 -21
-6 -25 -15
27 15 -20
22 -10 18
-13 -19 -8
-29 -30 9
-2 -4 -14
24 -23 2
-25 7 13
-15 20 7
-5 27 27
-26 -25 19
-4 -20 20
15 -2 28
-19 -20 10
-2 28 -22
23 -7 2
-19 8 11
23 20 29
-12 14 -5
11 21 2
-24 5 -25
23 27 -19
-30 13 5
-16 12 28
-25 -30 30
-2 -26 26
-11 -2 -6
-27 -24 12
-11 20 15
-28 20 26
26 -25 -23
-22 -20 -30
13 -27 -17
19 8 8
6 -3 3
-2 -16 -28
13 25 -22
10 8 24
26 4 19
9 -24 24
26 3 15
-4 19 25
27 -10 5
19 20 -8
16 28 -6
26 -5 -23
-1 23 22
-5 19 -2
-1 -15 17
-5 20 -30
10 17 19
-3 -12 -25
-30 22 -8
7 15 -20
-10 -30 -20
16 16 -10
-24 18 -2
1 -1 2
-30 6 14
-30 -23 4
-22 3 -1
-28 22 -22
2 13 -15
23 -2 18
12 -18 -30
-4 -19 -1
-26 -3 14
-10 -22 -20
27 19 17
-23 5 -5
16 7 12
-21 21 19
-20 18 -13
-10 -5 22
20 7 14
22 -8 -21
-10 8 14
-9 18 13
6 -28 -23
16 -19 -26
-7 -12 -18
9 -24 2
6 -25 -4
17 -14 -10
5 -10 7
-19 26 -22
-29 29 -23
16 -20 17
22 -27 29
19 -1 15
-8 -13 -15
-12 2 -12
-4 -25 -12
-4 23 -20
-7 -24 15
-3 -29 17
25 29 -27
-23 -3 -2
-14 20 -10
-30 20 -23
19 23 -12
8 -29 6
26 -19 -29
8 2 -12
9 -27 16
-8 1 -19
-3 -6 -20
-17 -9 20
18 18 1
4 -17 -24
-1 -23 -10
-16 -29 21
-12 18 -22
9 -30 22
6 -4 8
23 -14 1
-16 -28 -3
25 -22 -17
